%%MatrixMarket matrix array real general
40 1
-0.459887375619196
-0.621973892244921
-0.232208032199565
0.44134570110566
-0.596228551828829
-1.12403911270642
-0.220151019217402
1.08678462089894
-0.448728403273889
-0.103190453831215
-1.19438857648552
-0.693012061465583
-0.284433409016203
0.583817339995325
-0.4458459911022
0.0624640782701382
-0.627962873713397
0.0565351097302089
0.22842325024439
-0.06987803542802
-0.00124912439187261
-2.12677118978358
-0.905774766261007
-1.00732387346792
-0.235390979632981
-0.561744676414461
0.760113223461308
-1.10689910111836
0.472608254191107
0.36267784480888
0.606813978120634
0.597182834122512
-1.22504720824635
-0.179218970041751
0.397594068982691
0.495015895006778
0.700216347552459
-1.42202025762875
1.54256300268405
-0.918311969653912
