%%MatrixMarket matrix array real general
40 1
-1.13940483483924
0.907354864501569
0.735890203624925
-0.146192624422773
-0.434943580758647
0.324406721036523
-0.705684884149203
-0.394062855721587
-0.0466354835036849
-1.10612647898326
0.312217307169367
-0.400008827150927
0.473938002974844
-0.749079822533162
-0.265187132581223
0.243423782366017
-1.90618422470237
-0.265137357448916
-0.805209837395587
-0.667176822982677
-0.459329229670118
-1.40283415403687
-0.0145881577912628
0.615301698702715
-1.14647892158226
-0.531285186262425
0.85205763662354
0.598777812038895
-0.509915486821256
0.155935317774006
-0.733901389386912
0.772612767146671
0.796483749484909
1.14401391414385
-0.836878510849021
0.356680293848457
0.989409227804542
0.176375147347344
-0.301230951342436
-0.235071487231539
