%%MatrixMarket matrix array real general
40 1
0.451451341529624
-1.03519604255121
-0.885479311764761
0.80869769370891
0.287858903549667
0.546667056609327
-0.197927058382102
0.203692325155881
-0.749595152096463
-1.04889044708033
-0.297292257692884
-0.321085621491004
0.378785871848731
-0.205150381413459
0.098438294092564
0.38965999861056
-1.7528583309557
0.0289751203711229
0.388826599503347
1.02470858408716
-1.22815736345088
0.73107926118002
0.648677971875535
0.565587323996782
0.374667686086617
0.474800136170679
-0.0712433493080855
-0.282647099502545
-0.349507572407278
0.254934441976925
0.354529500357711
0.652245050265059
-0.114389698792587
0.640103849325958
0.697570742379739
-0.0658182620058808
-0.485262846844674
-1.06113988412217
0.398314440414418
0.734121599503851
