%%MatrixMarket matrix array real general
40 1
1.22384640789845
-0.242187051786764
-0.146387957012045
0.315652307376172
0.284269449964543
-0.0998889248058397
-0.225207430808207
-1.17974535230072
0.169932725012894
-0.0147673228469659
0.790831369850239
0.569408447029772
-0.244502191469812
0.403516527539039
0.542900299203724
0.149821393846231
1.83847437061255
0.705875630231269
0.593066640266905
-0.962774868264962
0.874845190297111
-0.125615242678747
0.42923202203059
-1.21316492615784
-0.330535993058178
-0.228869048613374
0.0755932539197745
-0.229895899404694
-0.779397632898795
-0.47755491881044
-0.715349865649263
2.13918888762783
0.0612394889453853
-0.486554655201167
0.549332631082735
-0.275702564965225
-1.44702636867488
0.802558083424684
-0.286284602432369
-0.286816819075815
