0.000000
-0.144139
0.000000
0.107235
0.000000
0.000000
0.000000
0.000000
0.000000
0.000000
0.000000
0.000000
0.324257
0.000000
0.000000
0.000000
0.000000
0.000000
0.000000
0.000000
0.000000
0.000000
0.000000
0.000000
0.000000
0.000000
0.104409
0.000000
0.000000
0.000000
0.000000
0.000000
0.000000
1.419997
0.000000
0.000000
0.000000
0.000000
0.000000
0.000000
0.000000
0.000000
0.000000
0.000000
0.000000
0.087725
-0.041575
0.000000
0.000000
0.000000
0.000000
0.000000
0.000000
0.000000
0.000000
0.000000
0.000000
0.000000
0.000000
0.000000
0.000000
0.000000
0.000000
0.000000
0.000000
0.000000
0.000000
0.000000
0.000000
-0.129580
0.000000
0.000000
0.000000
0.000000
0.000000
0.000000
-0.123661
0.000000
0.000000
-0.014339
0.000000
0.000000
0.000000
0.183029
0.000000
-0.009710
0.000000
0.000000
0.000000
0.000000
0.000000
-0.446032
0.000000
0.000000
0.000000
0.000000
0.254666
0.000000
0.000000
0.000000
-0.032488
-0.375109
0.000000
0.000000
0.000000
-0.264550
0.000000
0.000000
0.000000
0.000000
0.000000
0.000000
0.000000
0.000000
0.000000
0.000000
0.000000
0.000000
0.000000
0.000000
0.000000
0.000000
0.000000
-0.973010
0.000000
0.000000
0.000000
0.000000
0.000000
0.000000
0.000000
-0.284460
0.000000
0.244447
0.000000
0.190544
-0.056839
0.000000
0.329352
0.000000
0.000000
0.000000
0.000000
0.000000
0.000000
0.000000
0.000000
0.000000
0.000000
0.000000
0.000000
0.000000
0.000000
0.000000
0.000000
-0.064369
0.000000
-0.056379
0.000000
0.000000
0.000000
0.000000
0.000000
0.000000
0.854486
0.000000
0.000000
0.000000
0.000000
0.000000
0.000000
0.000000
0.000000
-0.107318
0.000000
0.000000
0.000000
0.000000
0.000000
0.000000
0.000000
0.000000
-0.157813
0.000000
0.000000
0.000000
0.000000
0.000000
0.000000
0.000000
0.000000
0.533912
0.000000
0.000000
0.000000
0.000000
0.000000
-0.259020
0.000000
0.000000
0.000000
0.000000
0.000000
0.000000
0.000000
0.000000
-0.664392
0.000000
0.000000
0.000000
0.000000
0.000000
0.000000
0.000000
0.000000
0.000000
0.000000
-0.130643
0.000000
0.000000
0.000000
0.000000
-0.277174
0.000000
0.000000
0.000000
0.000000
0.000000
0.000000
0.000000
0.000000
0.000000
0.000000
0.000000
0.000000
0.000000
0.000000
0.000000
0.873608
0.000000
-0.012106
0.000000
0.000000
0.590078
0.048982
0.000000
0.000000
0.000000
0.000000
0.000000
0.000000
0.000000
0.000000
0.000000
0.000000
0.000000
0.000000
0.000000
-0.543239
0.122473
0.000000
0.000000
0.000000
0.127347
1.321415
-0.095604
0.000000
0.000000
-1.248160
0.000000
0.597310
0.000000
0.000000
0.000000
0.000000
0.021534
0.000000
-0.094345
-0.139275
0.000000
0.000000
0.000000
0.000000
0.000000
0.000000
0.000000
0.000000
0.000000
0.000000
0.000000
0.000000
0.000000
0.000000
0.000000
0.000000
0.648643
0.000000
0.000000
0.000000
0.000000
0.000000
-0.283473
0.000000
0.000000
0.000000
0.000000
0.000000
0.000000
0.000000
0.000000
0.000000
0.000000
0.000000
0.000000
0.579428
0.000000
0.000000
0.000000
0.000000
0.000000
0.000000
0.000000
0.000000
0.000000
0.000000
0.000000
-0.028955
-0.738334
0.000000
0.000000
0.000000
0.000000
0.000000
0.000000
0.000000
0.000000
0.000000
0.000000
0.000000
1.056492
0.000000
0.000000
0.000000
1.400440
0.000000
0.000000
0.000000
0.000000
0.000000
0.000000
0.503155
0.000000
0.000000
0.000000
0.000000
0.000000
0.000000
0.000000
0.000000
0.000000
0.000000
0.000000
0.000000
0.000000
0.000000
0.000000
0.000000
0.000000
0.000000
0.000000
0.000000
0.000000
0.350913
0.000000
0.000000
0.000000
-0.293325
0.000000
0.000000
0.000000
0.000000
-0.157949
0.000000
0.091399
0.000000
0.217234
-0.126028
0.000000
0.000000
0.000000
0.000000
0.000000
0.000000
0.032253
0.000000
0.114171
0.000000
0.000000
0.000000
0.106007
0.000000
0.000000
0.000000
0.000000
0.000000
0.000000
0.000000
0.000000
0.000000
0.000000
0.000000
0.000000
0.000000
0.000000
0.000000
0.000000
0.000000
0.000000
0.000000
0.000000
-0.110707
0.000000
1.109639
0.722662
0.000000
0.000000
0.000000
0.000000
0.000000
0.000000
0.000000
0.206279
-0.294599
0.000000
-0.630170
0.000000
0.000000
0.000000
0.000000
0.000000
0.000000
0.000000
0.000000
0.000000
-0.554911
0.000000
0.000000
-0.015227
0.000000
0.000000
0.000000
0.000000
0.790783
0.000000
0.716206
0.324254
0.603973
0.000000
0.000000
0.000000
0.000000
0.000000
0.000000
0.000000
0.000000
0.000000
0.000000
0.000000
0.000000
0.169544
0.000000
0.000000
0.000000
0.993596
0.000000
0.000000
0.000000
0.000000
0.000000
0.000000
0.000000
0.000000
0.000000
0.000000
0.000000
0.000000
-0.409796
0.000000
-0.016741
0.000000
0.000000
-0.357034
0.000000
0.000000
0.000000
0.000000
-0.252314
0.000000
0.000000
-0.843955
